106.672755731215
62.483844207354856
48.68427265044159
45.01859113729938
33.69934589471628
30.58191945073767
29.691868754758328
28.615882635920133
27.794658503023896
27.188066057695963
26.683325541329644
26.249579301432743
25.88865736789615
25.591233510768884
25.33854777491707
25.122326466818212
24.938352029856514
24.78286203590568
24.63682101645072
24.50651116766349
24.39348323876915
24.304950139132448
24.237034566194396
24.18963563827306
24.13631058458848
24.105673352790358
24.034342460025258
24.00386518530521
23.948874554013404
23.914070178444856
23.918977710947143
23.84687134067827
23.837621899903734
23.782414865571212
23.730070533201303
23.754198322284942
23.665225302204032
23.609620901533827
23.521625151808333
23.43385742718197
23.389578368233437
23.331035812887432
23.271307414699237
23.316612739661547
23.28407499279933
23.155052729857456
23.112898059068293
23.139052953629538
22.532965351350107
20.134166430601592
18.242862590213928
17.136559731809943
15.858723037444996
15.306818031758427
15.01562973356774
14.809230883723298
14.699905012667285
14.361480543477422
14.291176941369313
14.315039842609366
14.117120296227071
14.209722316923619
14.239887540032699
13.527377722042576
13.743389401904913
13.858194038822456
13.177223801882757
13.354521568190831
13.437944589256361
12.755296840265695
12.918005097053598
12.917923135221768
13.062006024444097
12.489987577153775
12.632212476832425
12.443593809195356
12.950462395290005
12.335801035953804
12.387590688993644
12.632746671339286
12.66073950053757
12.639958011795837
12.409050574320167
12.347671832814054
11.931163349505855
12.381044457694967
12.083040482860689
12.096840449441835
11.70630521535227
12.206513094387018
11.92934082244744
11.929802692375908
11.53270252139869
12.036620594757986
11.800158753538254
11.749851020100524
11.598414234146986
11.831539384507268
11.98972669710647
11.846560873111526