123.37999322204705
64.74497566093117
50.39539397300423
46.10525863441467
41.91492371642792
41.223371030977354
35.71496217566161
34.4679077339807
32.76547582010294
31.498705031774502
29.84908257028625
29.37235084327743
28.50649031704335
27.665898915596777
27.20521918628641
26.790012046476196
26.432245764376848
26.147662184358897
25.912185071480867
25.672287995758584
25.406362332436984
25.135495525984766
24.886725569078557
24.751895921616207
24.653300429875866
24.52249107523083
24.48915345971389
24.48518095164207
24.394587674985193
24.285513839355946
24.22508318790238
24.147477411080477
24.08111830876054
24.0253815942807
23.965296021084416
23.915183964267285
23.855796796874476
23.80518581649394
23.760453166611942
23.707360661843847
23.652550416408324
23.595004796883046
23.537317961437296
23.468931851145427
23.403249769123068
23.3256195401483
23.244108424851156
23.131540118463665
22.73545182787618
22.873923754039485
22.67363430190112
22.83355563666435
22.630382786989916
22.804383014731652
22.718844018960148
22.71403272722057
22.384475184031402
22.554917127635083
22.575671594786925
22.445861454989316
22.426165218845817
22.44457606669936
22.016952969162467
22.10271230433823
22.144485476998668
22.277393193088223
22.19680793340762
22.11120825458269
21.963889533309167
21.98872554983474
22.010588967836252
21.886139112010543
21.779517929899484
22.10836036515704
21.842038027154967
21.933269339740136
21.868482748107528
22.03482307721175
21.691666006201718
22.06296535456186
21.70568308170928
21.834173230650176
21.734607970200262
21.489231157446348
21.43449423338364
21.613747418852757
21.544891173436355
21.359752257385757
21.27248464526651
21.73311415031628
21.27428998584189
21.34851182706055
21.311432114922223
21.402507385312628
21.497046189952144
21.53270426647527
21.20504095525406
21.69420758556927
21.300794867315723
21.58350709401512