194.5903259177552
227.01666360693596
277.3229213201212
247.65562811163787
136.18821147739988
128.41253909962242
152.84290660923148
132.5245984588035
138.0380066510868
173.89581104379926
126.58685900949371
163.2610370218299
124.92100401243961
126.53632188335106
136.28540492453197
109.71907064106418
121.68479037850217
140.6968083469044
145.3755222705904
108.9623398822991
112.01111288858377
111.74796931335564
103.94080568179746
90.68031423117554
98.11803809427677
85.59478943972307
127.05764702066713
92.58833691644082
105.7448657779555
113.34044080012187
96.32328179513638
107.1491473344008
98.72280565358005
90.51391280681396
95.99508627220877
95.06128691018976
105.87552626371635
110.95261213914824
96.96285445866461
105.30268795068858
109.12941726887409
89.0112292230616
98.6712892926605
87.99315339621164
108.49281167861737
88.8768132006901
92.80777521806213
120.90070956216428
86.01003814317345
96.62632656822404
97.79893757609031
114.78922999342255
98.9612541231114
98.05507526334901
105.60244609152907
78.76345706644324
87.54100579881889
92.3547009425231
89.96204568151403
92.89504894029463
94.9437901990459
99.3091282714494
90.71329044122987
90.84777106995448
105.27179357015643
88.26817415181779
87.05224092577045
85.35031246606869
84.04937015974629
90.53576760696333
97.15103008272662
83.72145810869017
92.83856653413905
86.59469253175726
101.6237345979866
100.28536100849956
80.79079130633946
87.10341939764223
92.10764652924976
79.51927945289927
87.22395794643131
80.71162165073326
93.24017025706382
82.29107497843223
91.53374501748888
108.37351548522615
90.1895154731833
99.3502005122357
98.80045546401728
97.33285297398092
101.66391843495644
102.27378487767182
103.50725250587453
110.86385491628236
87.0055665610466
82.8979145438417
86.74006321524978
93.3626679466477
101.19480432092588
95.49471081029873