110.04824853424415
72.32105667441819
66.09164711995756
63.06996798107184
62.6497525976489
61.839235256197156
59.62604547780965
58.55082150862259
57.87846982642013
57.16429518048355
56.93537835285356
56.71286427197013
57.36883795185329
56.907280195633156
56.726675845146616
56.62961573008549
55.935031345359945
55.54567769263102
55.76049771410579
55.76521869168844
55.37844375711846
56.610679347676644
62.04457278288992
55.48006451995537
55.59248473517415
55.29011320721815
55.4490735472749
55.558929598857915
55.51485687591266
55.48219742475511
55.394559171064344
54.93025760869775
55.11765690431495
55.21894184215182
56.239034048819676
54.75555404909919
54.116992801778096
54.690192583882116
54.77210899983568
54.767016713808545
54.84419754184512
54.85426004241177
54.91423354796642
54.92463452526925
54.954837089120396
55.00566637285982
55.0370173575134
55.07704648517467
55.11992060055908
55.16094947531956
55.193447834321425
55.220864581767046
55.24658925900163
55.26715277742472
55.287567532993464
55.30522240878192
55.32182399866777
55.33660771821855
55.34801136190658
55.35500599155252
55.34721035793822
54.84627751427004
53.21606711956027
53.098036783541694
52.968388777558445
52.860354448925264
52.75733347556269
52.66675077818376
52.57932058865775
52.49817363368797
52.416059520202296
52.341141236894764
52.27454880773995
52.209935507221964
52.161603243396435
52.10878078192815
52.06497118165646
52.02669343581355
51.98251138557735
51.95129845520995
51.91035232080416
51.87577257767666
51.84744492098509
51.80968862107867
51.78368688105093
51.75152880268529
51.72325590055206
51.70193266930896
51.669890606383554
51.64757223871652
51.62348200589386
51.59938666881683
51.58239039784568
51.55621642592264
51.537308498951106
51.51946735527759
51.49845200275154
51.48391027933154
51.46346385580461
51.447599903834636