126.68151141572079
78.59016279315763
78.46605004265294
87.22408275694573
70.35524071226963
69.98493559016681
69.02985097008587
60.52675869561297
53.84595011777351
52.938777738189486
52.09233589397103
50.59756784392408
50.291248726005335
47.29196986221195
43.870959546563064
41.95565412548956
39.41143079095123
37.378612356333946
40.05748412739527
37.99789300932012
37.17545268039151
36.82158225261585
36.421827659201654
33.06463898347798
32.09711167660578
33.258165756746244
32.060619381921526
31.471630075033744
31.14614598400031
30.445061904124728
30.572627604526126
29.74594054137907
29.56568046640567
30.07263056634814
30.01439996720959
29.66265268530093
31.018432392726243
29.854307516919658
29.623818993131078
28.1459896646751
28.582714086733795
28.211008755178703
28.122858314625248
28.05662305890681
27.95605091623381
27.8532252989172
27.770678652098486
27.691944315351495
27.605636315256916
27.531026941369465
27.460602663575855
27.393081666944056
27.3305227146451
27.268636581950084
27.211025966552892
27.158478092821387
27.105440067540037
27.053529259655516
27.00732572813072
26.958189973717367
26.907032824969345
26.858220153186107
26.801405489331405
26.73115287475788
26.61920762917337
26.92093780590465
26.56007700971575
26.618334038048435
26.727575764704447
26.721483422675636
26.615096455785547
26.390373839180754
26.360681018553418
26.393618366051946
26.4208071261857
26.406408118895694
26.354577324295683
26.294250819258103
26.23981650931302
26.185158289294254
26.133828793160014
26.083227783835273
26.019997998478818
25.96333738801838
25.926380631230113
25.90920970393355
25.887645833017757
25.840680432498377
25.816480056865327
25.812383869629492
25.798232476238095
25.4170526786819
25.746824680649134
26.800469895447787
26.128625876996086
25.490260267396184
26.71133648340866
26.136449104188944
25.674479023069566
26.1103456926948