193.9354979714308
133.622490721993
228.9939285359716
89.29631738464074
77.00273269991052
85.81176907348645
61.25540696250346
68.95366390416737
78.34774398578243
96.14548842290772
68.33654545759725
67.87103513140462
76.88276541387651
80.81720040273089
74.33718154097221
75.99125762550995
64.19728556516243
91.82694081822234
94.91391886995497
84.60568070897502
106.29386587836437
74.79682170827878
93.76401748019154
67.47227850119316
80.79772124397246
75.75184688322906
71.03507449415777
70.74003182264738
77.8784196612106
68.68985232237327
65.95807943802063
71.70450313223562
91.09760479392092
76.77268152704833
73.0035072847152
69.59009813350865
75.94052301811953
68.05981055060032
69.28401316437794
66.27661471818836
79.24484080200494
71.41210254146297
62.20354257857892
66.7253762462829
79.42034985907958
75.62755263948947
83.13152142765536
68.42283234405588
70.25080726292639
66.80955335988209
63.953205540531215
75.51718420380233
62.65750087362251
62.95408230054423
65.29457620349798
67.26854602521736
80.02418336057531
67.67470820181477
81.91650459602691
65.76779521282774
70.6687301534911
65.828456404105
67.8557782299015
77.68330113872025
98.03039275066153
98.51034177425888
65.9260330360494
64.74269519855386
89.07615126944548
77.45557122869857
67.04440653678866
77.36323660889109
83.64976764444198
81.7368598491953
70.32700999969235
81.89214769793057
76.24133399349067
74.65928526590314
71.95251772811685
81.53652607098866
62.06381155971349
69.77639667023546
74.66552284342941
63.58747283279807
81.50087756205671
61.41790826204567
70.27419884498322
66.10810784828152
65.5032250632295
64.81759359330589
73.63791291416788
72.11333316213944
64.74641097286036
73.27255153453429
62.59005837599996
68.58167408570763
99.59181160486811
63.72175194718838
75.89013201228832
67.92293440529049