170.77540873831836
113.61534792239664
96.88775978412198
99.18905588278075
70.20220972958036
74.05250564307077
78.3042201188786
65.62994970461948
76.10743853589152
115.61688384390185
98.29763215829335
99.88602762139158
91.78222210490269
104.37255734715646
112.89133860509229
95.67039844553369
102.75339772396369
78.28266422028685
85.9108469625294
98.97531058574704
88.41229248971072
102.15782525450214
86.78206845456839
90.99868640747128
83.25681254368834
87.91885870893688
93.84556503647488
85.81390055752377
84.38607611967205
87.15856389828197
93.26114163668362
91.40470375339561
98.07151213768668
73.75101297738797
79.26638159328373
88.11323732034045
75.78192867676604
76.98018112429412
73.85712442058642
69.57139610445195
81.3735711979835
74.00883913460403
98.82620609616157
73.71638626766654
70.79387632551888
70.96056256138417
72.2823676437333
77.20406018004029
75.22701276782148
76.57639433951499
71.90873194504238
77.24603060150116
76.1709741345821
71.51905236719355
78.14206574608204
80.63419916458814
77.60890581924218
68.55792493415326
70.40295968335086
74.77028194543296
88.58912241516896
83.08479021777183
77.08452926441032
81.06875449486236
82.35007526669241
77.1123841217227
86.99392876244217
89.44273044692864
92.91430937023257
84.87958383043416
78.41331437227456
75.6887027338762
76.17684318257109
81.10946720728109
79.20554861244214
76.90376751682888
77.27814583094477
69.37030984227174
77.82897007456528
72.52361852138486
77.71795131128785
71.67520963271964
79.57505827301515
67.56575982122612
71.90217397376671
69.7591247294986
73.39214070435995
74.08853655606431
75.53292798834907
78.79679121474348
77.06479450505124
73.6330173501612
70.15607756555757
79.15124661431575
66.72144185979232
80.44321588578478
80.53166326292998
80.16639650752
93.2582678181372
81.74970433164445