118.21672544780364
78.74119793089811
82.49268885947342
72.79372408004976
69.62610237046832
59.48025839025257
48.54128673074414
44.67534631714514
40.001503299819845
39.659833100202526
33.611303496929445
29.58997605989525
28.09631559869
26.979876745663834
27.80628385438924
25.476630718704218
25.086772387892434
24.305581942750745
23.739765116015928
23.23741006874125
22.686405994420994
22.006872359400266
23.997412906218546
23.97768472067978
21.93867898102346
23.731530060680072
24.108645192458035
22.580055248229925
21.389790552724946
22.695147359047848
19.90816693032727
21.194021859483016
20.151676381988324
20.687727471356094
20.342372422843088
19.98253962752068
19.946377274085663
17.332353090888056
19.221739168153363
18.685095041230156
17.920738902884313
18.603540166982675
18.200935585233953
18.31363668034201
16.880344332137152
18.79068770670699
17.21983116748454
17.15241506934025
15.207367259107183
16.92962918621502
16.607653930765412
17.742350775488212
16.202605992653297
16.48533167613357
15.476641519974073
16.31848921496251
16.13327311521982
15.972941143705649
15.203305128494344
16.150285880752563
15.104762153172569
14.935075562050406
16.397852620080744
15.54069007889797
14.967618551777939
15.524490376748087
15.308774494064224
13.939877042883243
16.390578740359842
15.547224368529362
15.101243303980855
15.249757720635206
15.126932339791328
15.049688866761517
15.185687689333792
15.003732877864223
14.8938426862094
15.427339389340638
15.792779241533905
14.821705019614274
16.354066462168632
15.007075997445636
13.320924930466603
15.277779304015839
14.559695312862509
15.09028986935532
15.22424887695072
14.468017130937975
15.420661026010485
14.22021696417513
14.50013669164162
14.465479996458939
14.52652625211349
14.167437203304212
15.949838231394459
14.107936250299515
14.562566301063654
14.457637778555116
14.34224904527954
14.463199270599027
