106.41278872925258
54.66619820019614
49.69145645482209
47.416996223715316
46.0292828815705
45.2410740913765
42.79464444751058
37.55954771950777
33.27535858738478
31.194608874320913
29.83586994634447
29.122479937869745
29.569161837831896
27.694888824232628
25.737379421825462
24.412670150405358
23.534981990831465
22.92299976520105
22.437404078782503
22.01902232359052
21.64804636787592
21.315981456033104
21.017290892238304
20.74768442907503
20.503777630027578
20.282994317102393
20.083492043157445
19.90392820137653
19.742899189016764
19.598096687847576
19.466103079511097
19.344130529335114
19.23123620696029
19.125854160575997
19.02435508295429
18.922647113386752
18.81752316764
18.70691454674284
18.589948685619436
18.46742764919087
18.342308811761878
18.218822389025775
18.100161518023768
17.987147904643184
17.87893907259506
17.77427382568214
17.672179240678766
17.572173456508498
17.47421693141071
17.37855107822179
17.285505123025697
17.195342652202118
17.10819330846309
17.024066564456984
16.942907183482802
16.864647728419826
16.789234088591652
16.716624309573408
16.64677443868229
16.579625383683343
16.51509786198888
16.453095492741667
16.3935125471769
16.33624263786743
16.28118594793156
16.228254030652177
16.177372137195086
16.12847942814024
16.081527484637906
16.0364774548458
15.993296088770697
15.951950909175567
15.912404868980405
15.874611034850023
15.838508024882135
15.804016971830462
15.771040551293483
15.739464116658263
15.709158462238438
15.679983558189795
15.65179290142754
15.624438551598889
15.597776913277691
15.571674785039397
15.546014653448182
15.520698217498046
15.49564768512858
15.470805056549093
15.446130019850788
15.421597149812316
15.397192948658773
15.372913058478513
15.348759804843834
15.324740125111079
15.300863880131772
15.277142523283315
15.253588089844454
15.230212464545797
15.207026882710293
15.184041620250474
